1.819778
 -0.050000
0.116930
 1.925000
 0.000000
 0.016930
 1.992688
 -0.050000
0.116930
 1.786979
 0.000000
 0.016930
 0.183970
 -0.050000
0.116930
 0.289064
 0.000000
 0.016930
 0.324123
 -0.050000
0.116930
 0.184376
 0.000000
 0.016930
 0.920720
 2.250001
0.116931
 0.773439
 2.200001
 0.016930
 0.738394
 2.250001
0.116931
 0.931772
 2.200001
 0.016930
 1.521144
 1.483334
0.116931
 1.248438
 2.200001
 0.016930
 1.285373
 2.250001
0.116931
 1.473959
 1.466668
 0.016930
 1.521144
 1.483334
0.900000
 1.248438
 2.200001
 1.000000
 1.473959
 1.466668
1.000000
 1.285373
 2.250001
 0.900000
 1.925000
 0.000000
1.000000
 1.756916
 0.716667
 0.900000
 1.699480
 0.733333
1.000000
 1.992688
 -0.050000
 0.900000
 1.756916
 0.716668
0.116930
 1.925000
 0.000000
 0.016930
 1.699480
 0.733334
0.016930
 1.992688
 -0.050000
 0.116930
 0.920720
 2.250001
0.900000
 0.773439
 2.200001
 1.000000
 0.931772
 2.200001
1.000000
 0.738394
 2.250001
 0.900000
 1.248438
 2.200001
1.000000
 1.103046
 2.250001
 0.900000
 1.090105
 2.200001
1.000000
 1.285373
 2.250001
 0.900000
 1.103046
 2.250001
0.116931
 1.248438
 2.200001
 0.016930
 1.090105
 2.200001
0.016930
 1.285373
 2.250001
 0.116931
 0.181907
 0.716668
0.116930
 -0.024999
 0.000000
 0.016930
 -0.096336
 -0.050000
0.116930
 0.241147
 0.733334
 0.016930
 0.181907
 0.716667
0.900000
 -0.024999
 0.000000
 1.000000
 0.241147
 0.733333
1.000000
 -0.096336
 -0.050000
 0.900000
 0.773439
 2.200001
1.000000
 0.460151
 1.483334
 0.900000
 0.507293
 1.466668
1.000000
 0.738394
 2.250001
 0.900000
 0.460151
 1.483334
0.116931
 0.773439
 2.200001
 0.016930
 0.507293
 1.466668
0.016930
 0.738394
 2.250001
 0.116931
 0.183970
 -0.050000
0.900000
 0.289064
 0.000000
 1.000000
 0.184376
 0.000000
1.000000
 0.324123
 -0.050000
 0.900000
 -0.024999
 0.000000
1.000000
 0.043817
 -0.050000
 0.900000
 0.079689
 0.000000
1.000000
 -0.096336
 -0.050000
 0.900000
 0.043817
 -0.050000
0.116930
 -0.024999
 0.000000
 0.016930
 0.079689
 0.000000
0.016930
 -0.096336
 -0.050000
 0.116930
 1.320834
 0.450000
0.116930
 1.061980
 0.500000
 0.016930
 1.357813
 0.500000
0.016930
 1.049013
 0.450000
 0.116930
 0.505372
 0.450000
0.116930
 0.409897
 0.333333
 0.016930
 0.470314
 0.500000
0.016930
 0.444956
 0.283333
 0.116930
 0.409897
 0.333333
1.000000
 0.505372
 0.450000
 0.900000
 0.470314
 0.500000
1.000000
 0.444956
 0.283333
 0.900000
 0.289064
 0.000000
1.000000
 0.384539
 0.116667
 0.900000
 0.349480
 0.166667
1.000000
 0.324123
 -0.050000
 0.900000
 0.384539
 0.116667
0.116930
 0.289064
 0.000000
 0.016930
 0.349480
 0.166667
0.016930
 0.324123
 -0.050000
 0.116930
 1.061980
 0.500000
1.000000
 1.320834
 0.450000
 0.900000
 1.357813
 0.500000
1.000000
 1.049013
 0.450000
 0.900000
 0.505372
 0.450000
0.900000
 0.766147
 0.500000
 1.000000
 0.470314
 0.500000
1.000000
 0.777193
 0.450000
 0.900000
 0.766147
 0.500000
0.016930
 0.505372
 0.450000
 0.116930
 0.470314
 0.500000
0.016930
 0.777193
 0.450000
 0.116930
 1.422917
 0.116667
0.116930
 1.510938
 0.000000
 0.016930
 1.473958
 -0.050000
0.116930
 1.459896
 0.166667
 0.016930
 1.422917
 0.116667
0.900000
 1.510938
 0.000000
 1.000000
 1.459896
 0.166667
1.000000
 1.473958
 -0.050000
 0.900000
 1.320834
 0.450000
0.900000
 1.408855
 0.333333
 1.000000
 1.357813
 0.500000
1.000000
 1.371875
 0.283333
 0.900000
 1.408855
 0.333333
0.016930
 1.320834
 0.450000
 0.116930
 1.357813
 0.500000
0.016930
 1.371875
 0.283333
 0.116930
 1.819778
 -0.050000
0.900000
 1.925000
 0.000000
 1.000000
 1.786979
 0.000000
1.000000
 1.992688
 -0.050000
 0.900000
 1.510938
 0.000000
1.000000
 1.646868
 -0.050000
 0.900000
 1.648959
 0.000000
1.000000
 1.473958
 -0.050000
 0.900000
 1.646868
 -0.050000
0.116930
 1.510938
 0.000000
 0.016930
 1.648959
 0.000000
0.016930
 1.473958
 -0.050000
 0.116930
 1.196388
 0.850001
0.116930
 1.159376
 1.140626
 0.016930
 1.264063
 0.800001
0.016930
 1.113702
 1.151444
 0.116931
 0.650990
 0.850001
0.116930
 0.703126
 1.140626
 0.016930
 0.750103
 1.151444
0.116931
 0.579689
 0.800001
 0.016930
 0.832789
 0.850001
0.116930
 1.035939
 0.800001
 0.016930
 0.807814
 0.800001
0.016930
 1.014589
 0.850001
 0.116930
 1.035939
 0.800001
1.000000
 0.832789
 0.850001
 0.900000
 0.807814
 0.800001
1.000000
 1.014589
 0.850001
 0.900000
 1.196388
 0.850001
0.900000
 1.264063
 0.800001
 1.000000
 1.196388
 0.850001
0.116930
 1.264063
 0.800001
 0.016930
 0.650990
 0.850001
0.900000
 0.703126
 1.140626
 1.000000
 0.579689
 0.800001
1.000000
 0.750103
 1.151444
 0.900000
 0.650990
 0.850001
0.900000
 0.579689
 0.800001
 1.000000
 0.650990
 0.850001
0.116930
 0.579689
 0.800001
 0.016930
 0.948329
 1.754329
0.116931
 0.826563
 1.481251
 0.016930
 0.950001
 1.821876
0.016930
 0.849216
 1.452887
 0.116931
 0.826563
 1.481251
1.000000
 0.948329
 1.754329
 0.900000
 0.950001
 1.821876
1.000000
 0.849216
 1.452887
 0.900000
 1.159376
 1.140626
1.000000
 1.196388
 0.850001
 0.900000
 1.264063
 0.800001
1.000000
 1.113702
 1.151444
 0.900000
 0.948329
 1.754329
0.900000
 1.054688
 1.481251
 1.000000
 0.950001
 1.821876
1.000000
 1.031016
 1.452887
 0.900000
 1.054688
 1.481251
0.016930
 0.948329
 1.754329
 0.116931
 0.950001
 1.821876
0.016930
 1.031016
 1.452887
 0.116931
 0.079689
 0.000000
1.000000
 0.241147
 0.733333
 1.000000
 -0.024999
 0.000000
1.000000
 1.699480
 0.733333
 1.000000
 1.786979
 0.000000
1.000000
 1.925000
 0.000000
 1.000000
 0.184376
 0.000000
1.000000
 1.648959
 0.000000
 1.000000
 0.289064
 0.000000
1.000000
 0.349480
 0.166667
 1.000000
 0.409897
 0.333333
1.000000
 0.470314
 0.500000
 1.000000
 1.510938
 0.000000
1.000000
 1.459896
 0.166667
 1.000000
 1.408855
 0.333333
1.000000
 1.357813
 0.500000
 1.000000
 1.090105
 2.200001
1.000000
 1.473959
 1.466668
 1.000000
 1.248438
 2.200001
1.000000
 1.264063
 0.800001
 1.000000
 1.159376
 1.140626
1.000000
 1.054688
 1.481251
 1.000000
 0.950001
 1.821876
1.000000
 0.931772
 2.200001
 1.000000
 1.061980
 0.500000
1.000000
 1.035939
 0.800001
 1.000000
 0.766147
 0.500000
1.000000
 0.807814
 0.800001
 1.000000
 0.579689
 0.800001
1.000000
 0.507293
 1.466668
 1.000000
 0.703126
 1.140626
1.000000
 0.826563
 1.481251
 1.000000
 0.773439
 2.200001
1.000000
 0.241147
 0.733334
 0.016930
 0.079689
 0.000000
0.016930
 -0.024999
 0.000000
 0.016930
 1.786979
 0.000000
0.016930
 1.699480
 0.733334
 0.016930
 1.925000
 0.000000
0.016930
 0.184376
 0.000000
 0.016930
 1.648959
 0.000000
0.016930
 0.289064
 0.000000
 0.016930
 0.349480
 0.166667
0.016930
 0.409897
 0.333333
 0.016930
 0.470314
 0.500000
0.016930
 1.510938
 0.000000
 0.016930
 1.459896
 0.166667
0.016930
 1.408855
 0.333333
 0.016930
 1.357813
 0.500000
0.016930
 1.473959
 1.466668
 0.016930
 1.264063
 0.800001
0.016930
 1.159376
 1.140626
 0.016930
 1.054688
 1.481251
0.016930
 1.248438
 2.200001
 0.016930
 0.950001
 1.821876
0.016930
 1.090105
 2.200001
 0.016930
 0.931772
 2.200001
0.016930
 1.061980
 0.500000
 0.016930
 1.035939
 0.800001
0.016930
 0.766147
 0.500000
 0.016930
 0.807814
 0.800001
0.016930
 0.579689
 0.800001
 0.016930
 0.507293
 1.466668
0.016930
 0.703126
 1.140626
 0.016930
 0.826563
 1.481251
0.016930
 0.773439
 2.200001
 0.016930