 0
 1
 2
 3
 1
 0
 4
 5
 6
7
 5
 4
 8
 9
 10
 11
 9
 8
 12
 13
 14
 15
 13
 12
 16
 17
 18
19
 17
 16
 20
 21
 22
 23
 21
 20
 22
 16
 18
 21
 16
 22
 24
 25
26
 27
 25
 24
 24
 23
 27
 21
 23
 24
 16
 14
 19
 12
 14
 16
 16
24
 12
 21
 24
 16
 12
 26
 15
 24
 26
 12
 28
 29
 30
 31
 29
 28
32
 33
 34
 35
 33
 32
 34
 28
 30
 33
 28
 34
 36
 37
 38
 39
 37
36
 36
 35
 39
 33
 35
 36
 28
 10
 31
 8
 10
 28
 28
 36
 8
 33
36
 28
 8
 38
 11
 36
 38
 8
 40
 41
 42
 43
 41
 40
 44
 45
 46
47
 45
 44
 48
 49
 50
 51
 49
 48
 49
 46
 50
 44
 46
 49
 52
 53
54
 55
 53
 52
 52
 51
 55
 49
 51
 52
 44
 42
 47
 40
 42
 44
 44
52
 40
 49
 52
 44
 43
 52
 54
 40
 52
 43
 56
 57
 58
 59
 57
 56
60
 61
 62
 63
 61
 60
 62
 56
 58
 61
 56
 62
 64
 65
 66
 67
 65
64
 64
 63
 67
 61
 63
 64
 56
 6
 59
 4
 6
 56
 56
 64
 4
 61
 64
56
 4
 66
 7
 64
 66
 4
 68
 69
 70
 71
 69
 68
 72
 73
 74
 75
73
 72
 76
 77
 78
 79
 77
 76
 80
 81
 82
 83
 81
 80
 82
 79
 76
81
 79
 82
 84
 85
 86
 87
 85
 84
 84
 83
 87
 81
 83
 84
 79
 72
77
 75
 72
 79
 79
 84
 75
 81
 84
 79
 75
 86
 73
 84
 86
 75
 88
89
 90
 91
 89
 88
 92
 93
 94
 95
 93
 92
 93
 91
 88
 95
 91
 93
96
 97
 98
 99
 97
 96
 99
 92
 97
 95
 92
 99
 91
 68
 89
 71
 68
91
 91
 99
 71
 95
 99
 91
 71
 96
 69
 99
 96
 71
 100
 101
 102
103
 101
 100
 104
 105
 106
 107
 105
 104
 108
 109
 110
 111
109
 108
 111
 106
 109
 104
 106
 111
 112
 113
 114
 115
 113
112
 115
 108
 113
 111
 108
 115
 104
 102
 107
 100
 102
 104
104
 115
 100
 111
 115
 104
 103
 115
 112
 100
 115
 103
 116
117
 118
 119
 117
 116
 120
 121
 122
 123
 121
 120
 121
 118
122
 116
 118
 121
 124
 125
 126
 127
 125
 124
 124
 123
 127
121
 123
 124
 116
 2
 119
 0
 2
 116
 116
 124
 0
 121
 124
 116
3
 124
 126
 0
 124
 3
 128
 129
 130
 131
 129
 128
 132
 133
134
 135
 133
 132
 136
 137
 138
 139
 137
 136
 140
 141
 142
143
 141
 140
 144
 140
 145
 143
 140
 144
 143
 136
 141
 139
136
 143
 143
 146
 139
 144
 146
 143
 137
 146
 147
 139
 146
137
 148
 149
 150
 151
 149
 148
 142
 152
 153
 141
 152
 142
148
 134
 151
 132
 134
 148
 152
 136
 154
 141
 136
 152
 154
138
 155
 136
 138
 154
 156
 157
 158
 159
 157
 156
 160
 161
162
 163
 161
 160
 151
 160
 149
 163
 160
 151
 163
 156
 161
159
 156
 163
 163
 134
 159
 151
 134
 163
 157
 134
 133
 159
134
 157
 164
 165
 166
 167
 165
 164
 168
 169
 170
 171
 169
168
 169
 167
 164
 171
 167
 169
 172
 173
 174
 175
 173
 172
175
 168
 173
 171
 168
 175
 167
 128
 165
 131
 128
 167
 167
175
 131
 171
 175
 167
 131
 172
 129
 175
 172
 131
 176
 177
178
 179
 180
 181
 182
 177
 176
 179
 183
 180
 184
 177
 182
185
 177
 184
 186
 177
 185
 187
 177
 186
 179
 188
 183
 179
189
 188
 179
 190
 189
 179
 191
 190
 192
 193
 194
 193
 191
179
 193
 195
 191
 193
 196
 195
 193
 197
 196
 192
 197
 193
192
 198
 197
 199
 198
 192
 195
 200
 191
 201
 200
 195
 201
202
 200
 203
 202
 201
 204
 202
 203
 204
 187
 202
 204
 177
187
 204
 205
 177
 206
 205
 204
 207
 205
 206
 207
 208
 205
198
 208
 207
 199
 208
 198
 209
 210
 211
 212
 213
 214
 209
215
 210
 216
 213
 212
 209
 217
 215
 209
 218
 217
 209
 219
218
 209
 220
 219
 221
 213
 216
 222
 213
 221
 223
 213
 222
224
 213
 223
 224
 225
 213
 226
 225
 224
 227
 225
 226
 228
225
 227
 228
 229
 225
 230
 229
 228
 230
 231
 229
 230
 232
231
 233
 226
 224
 233
 234
 226
 235
 234
 233
 235
 236
 234
235
 237
 236
 220
 237
 235
 209
 237
 220
 238
 237
 209
 238
239
 237
 238
 240
 239
 241
 240
 238
 241
 230
 240
 230
 241
232 